Radius: 5.0
PI constant: 3.14159
Circumference: 31.4159
Area: 78.53975 