Radius: 1.0
PI constant : 3.14159
Circumference: 6.28318
Area: 3.14159
